Location	Depth	Silt	Clay	Sand
CAF003	30	58.923	29.667	11.41
CAF003	60	57.365	28.198	14.43
CAF003	90	56.312	33.806	9.882
CAF003	120	59.873	27.021	13.106
CAF003	150	56.406	31.722	11.872
CAF007	30	64.229	28.11	7.661
CAF007	60	60.112	28.605	11.281
CAF007	90	61.236	27.264	11.491
CAF007	120	61.975	26.467	11.568
CAF007	150	65.175	21.653	13.173
CAF009	30	62.778	28.372	8.846
CAF009	60	59.531	27.51	12.967
CAF009	90	56.665	28.932	14.404
CAF009	120	55.691	29.54	14.769
CAF009	150	61.695	22.464	15.841
CAF019	30	49.343	34.385	16.272
CAF019	60	54.935	34.323	10.742
CAF019	90	52.577	37.395	10.027
CAF019	120	51.128	35.526	13.336
CAF019	150	49.77	34.091	16.129
CAF031	30	57.516	30.338	12.144
CAF031	60	58.231	29.125	12.635
CAF031	90	58.989	28.333	12.678
CAF031	120	64.954	24.555	10.481
CAF031	150	70.409	18.419	11.171
CAF033	30	63.46	24.651	11.889
CAF033	60	70.773	15.157	14.071
CAF033	90	72.994	12.272	14.734
CAF033	120	69.695	15.883	14.422
CAF033	150	65.235	20.488	14.276
CAF035	30	57.91	34.129	7.961
CAF035	60	58.708	29.024	12.267
CAF035	90	61.874	24.346	13.778
CAF035	120	52.534	37.22	10.246
CAF035	150	46.077	44.113	9.809
CAF061	30	56.487	33.197	10.32
CAF061	60	58.385	31.177	10.438
CAF061	90	60.81	29.029	10.16
CAF061	120	55.55	32.941	11.509
CAF061	150	52.469	35.296	12.234
CAF067	30	56.954	29.586	13.464
CAF067	60	61.022	26.696	12.285
CAF067	90	62.094	26.592	11.314
CAF067	120	52.889	35.536	11.575
CAF067	150	53.695	34.357	11.948
CAF075	30	60.795	27.572	11.636
CAF075	60	63.318	21.61	15.082
CAF075	90	65.263	25.089	9.648
CAF075	120	55.857	29.924	14.219
CAF075	150	60.115	25.453	14.432
CAF079	30	61.095	28	10.904
CAF079	60	62.262	26.158	11.581
CAF079	90	69.068	13.569	17.354
CAF079	120	63.35	24.817	11.833
CAF079	150	62.726	24.886	12.387
CAF095	30	61.243	22.596	16.16
CAF095	60	63.094	21.21	15.697
CAF095	90	65.894	21.987	12.119
CAF095	120	64.496	22.558	12.947
CAF095	150	64.418	22.995	12.586
CAF119	30	57.323	28.554	14.122
CAF119	60	56.274	27.529	16.197
CAF119	90	57.93	26.601	15.469
CAF119	120	52.053	32.081	15.867
CAF119	150	50.056	34.245	15.709
CAF125	30	62.391	25.71	11.899
CAF125	60	66.267	22.475	11.262
CAF125	90	65.469	22.678	11.854
CAF125	120	60.27	26.976	12.754
CAF125	150	57.053	29.557	13.38
CAF129	30	56.934	31.858	11.208
CAF129	60	58.861	27.292	13.843
CAF129	90	60.34	29.028	10.624
CAF129	120	57.977	32.17	9.853
CAF129	150	59.951	28.795	11.254
CAF133	30	57.601	30.579	11.819
CAF133	60	55.164	36.017	8.819
CAF133	90	67.532	17.443	15.032
CAF133	120	56.39	30.77	12.84
CAF133	150	52.869	32.846	14.285
CAF135	30	52.344	31.018	16.641
CAF135	60	55.545	29.167	15.294
CAF135	90	55.537	30.95	13.512
CAF135	120	58.994	28.763	12.242
CAF135	150	57.579	32.685	9.726
CAF139	30	59.67	27.54	12.791
CAF139	60	50.602	42.561	6.837
CAF139	90	43.472	45.779	10.749
CAF139	120	57.841	29.888	12.26
CAF139	150	75.281	12.185	12.51
CAF141	30	61.904	25.582	12.514
CAF141	60	50.455	39.873	9.668
CAF141	90	48.671	43.187	8.141
CAF141	120	54.626	35.983	9.391
CAF141	150	65.331	21.012	13.656
CAF163	30	46.749	28.919	24.322
CAF163	60	48.487	29.589	21.921
CAF163	90	56.288	26.849	16.864
CAF163	120	57.61	29.001	13.398
CAF163	150	56.274	29.346	14.38
CAF173	30	60.374	29.326	10.303
CAF173	60	56.958	35.605	7.436
CAF173	90	48.723	39.085	12.192
CAF173	120	50.15	36.961	12.89
CAF173	150	56.457	31.795	11.758
CAF197	30	64.001	22.978	13.021
CAF197	60	59.074	31.515	9.413
CAF197	90	61.905	25.304	12.793
CAF197	120	61.614	25.056	13.329
CAF197	150	67.017	20.805	12.169
CAF201	30	62.054	24.952	12.993
CAF201	60	57.243	26.493	16.264
CAF201	90	49.11	35.937	14.954
CAF201	120	51.421	35.734	12.855
CAF201	150	50.957	32.77	16.263
CAF205	30	59.346	27.217	13.446
CAF205	60	55.008	33.84	11.157
CAF205	90	54.742	30.014	15.253
CAF205	120	43.982	40.879	15.139
CAF205	150	56.102	33.54	10.368
CAF209	30	57.689	31.665	10.647
CAF209	60	50.596	38.919	10.485
CAF209	90	48.584	42.699	8.718
CAF209	120	51.482	36.996	11.521
CAF209	150	60.041	28.706	11.254
CAF215	30	61.212	25.835	12.955
CAF215	60	60.926	29.912	9.171
CAF215	90	62.238	26.55	11.213
CAF215	120	60.848	26.751	12.4
CAF215	150	68.704	17.31	13.977
CAF217	30	60.431	29.566	10.004
CAF217	60	55.674	28.974	15.353
CAF217	90	64.281	24.44	11.27
CAF217	120	63.428	29.437	7.135
CAF217	150	63.721	24.167	12.122
CAF231	30	55.395	26.399	18.206
CAF231	60	59.445	25.804	14.75
CAF231	90	61.487	23.396	15.125
CAF231	120	69.764	19.021	11.207
CAF231	150	69.579	18.308	12.113
CAF237	30	59.171	31.444	9.376
CAF237	60	57.942	28.172	13.877
CAF237	90	56.498	32.128	11.374
CAF237	120	59.233	30.141	10.626
CAF237	150	65.489	25.152	9.36
CAF245	30	61.105	24.189	14.696
CAF245	60	60.928	29.851	9.221
CAF245	90	59.895	26.506	13.599
CAF245	120	57.656	30.043	12.3
CAF245	150	61.723	27.386	10.892
CAF275	30	58.225	29.012	12.763
CAF275	60	62.872	20.347	16.781
CAF275	90	62.418	25.69	11.892
CAF275	120	61.807	25.162	13.031
CAF275	150	64.649	24.236	11.114
CAF308	30	61.957	25.543	12.5
CAF308	60	60.674	27.473	11.853
CAF308	90	65.086	21.937	12.977
CAF308	120	60.544	25.857	13.589
CAF308	150	48.511	32.857	18.61
CAF310	30	62.591	23.295	14.114
CAF310	60	62.884	25.405	11.711
CAF310	90	63.248	21.481	15.272
CAF310	120	62.973	23.91	13.117
CAF310	150	60.409	21.629	17.962
CAF312	30	58.68	26.328	14.993
CAF312	60	63.209	24.378	12.412
CAF312	90	58.368	27.823	13.817
CAF312	120	61.24	24.218	14.541
CAF312	150	65.734	23.308	10.958
CAF314	30	64.241	25.261	10.498
CAF314	60	59.221	19.411	21.368
CAF314	90	50.985	35.906	13.108
CAF314	120	52.059	37.213	10.718
CAF314	150	50.131	36.624	13.245
CAF316	30	62.117	23.574	14.309
CAF316	60	65.077	18.264	16.66
CAF316	90	70.574	12.105	17.32
CAF316	120	61.375	25.063	13.561
CAF316	150	58.695	28.753	12.551
CAF349	30	61.21	27.347	11.442
CAF349	60	62.458	27.21	10.332
CAF349	90	64.561	24.82	10.619
CAF349	120	67.147	21.059	11.794
CAF349	150	67.232	21.099	11.669
CAF351	30	61.503	28.198	10.299
CAF351	60	61.151	27.396	11.453
CAF351	90	50.451	24.413	25.132
CAF351	120	64.354	22.908	12.738
CAF351	150	NA	NA	NA
CAF357	30	61.314	25.451	13.236
CAF357	60	56.915	25.199	17.886
CAF357	90	64.513	21.825	13.662
CAF357	120	58.292	30.902	10.806
CAF357	150	41.851	44.546	13.603
CAF377	30	62.07	25.948	11.984
CAF377	60	63.53	22.612	13.858
CAF377	90	63.652	23.963	12.384
CAF377	120	61.982	25.491	12.527
CAF377	150	55.435	26.579	17.986
CAF397	30	58.299	28.443	13.268
CAF397	60	61.644	26.086	12.282
CAF397	90	59.444	26.941	13.608
CAF397	120	58.812	27.685	13.511
CAF397	150	59.425	27.963	12.648
CAF401	30	59.423	28.957	11.621
CAF401	60	62.899	21.938	15.163
CAF401	90	65.829	20.547	13.624
CAF401	120	58.878	30.621	10.501
CAF401	150	49.77	42.688	7.542
